              precision    recall  f1-score   support

    airplane     0.3031    0.3210    0.3118      1000
  automobile     0.3547    0.3810    0.3674      1000
        bird     0.2365    0.1970    0.2149      1000
         cat     0.2143    0.1650    0.1864      1000
        deer     0.2319    0.1890    0.2083      1000
         dog     0.2959    0.3060    0.3009      1000
        frog     0.2625    0.2720    0.2672      1000
       horse     0.2836    0.2910    0.2873      1000
        ship     0.3339    0.4030    0.3652      1000
       truck     0.3770    0.4320    0.4026      1000

    accuracy                         0.2957     10000
   macro avg     0.2894    0.2957    0.2912     10000
weighted avg     0.2894    0.2957    0.2912     10000
