              precision    recall  f1-score   support

    airplane     0.4652    0.4410    0.4528      1000
  automobile     0.4841    0.5650    0.5215      1000
        bird     0.3647    0.3180    0.3397      1000
         cat     0.3349    0.2170    0.2633      1000
        deer     0.3428    0.3140    0.3278      1000
         dog     0.4168    0.3880    0.4019      1000
        frog     0.3802    0.5380    0.4455      1000
       horse     0.4546    0.5560    0.5002      1000
        ship     0.5641    0.4970    0.5284      1000
       truck     0.4835    0.4830    0.4832      1000

    accuracy                         0.4317     10000
   macro avg     0.4291    0.4317    0.4264     10000
weighted avg     0.4291    0.4317    0.4264     10000
