                 precision    recall  f1-score   support

      Brick_1x1     0.5957    0.7568    0.6667        37
      Brick_1x2     0.6410    0.5814    0.6098        43
      Brick_1x3     0.2609    0.1667    0.2034        36
      Brick_1x4     0.5000    0.4902    0.4950        51
      Brick_2x2     0.6129    0.5588    0.5846        34
    Brick_2x2_L     0.6471    0.7971    0.7143        69
Brick_2x2_Slope     0.5263    0.5556    0.5405        36
      Brick_2x3     0.5333    0.4103    0.4638        39
      Brick_2x4     0.6410    0.4630    0.5376        54
      Plate_1x1     0.7111    0.6038    0.6531        53
Plate_1x1_Round     0.9792    1.0000    0.9895        47
Plate_1x1_Slope     0.7647    0.9286    0.8387        70
      Plate_1x2     0.5455    0.1667    0.2553        36
Plate_1x2_Grill     0.8333    0.9524    0.8889        42
      Plate_1x3     0.5333    0.4103    0.4638        39
      Plate_1x4     0.6923    0.9184    0.7895        49
      Plate_2x2     0.4561    0.6341    0.5306        41
    Plate_2x2_L     0.7400    0.7255    0.7327        51
      Plate_2x3     0.3860    0.5641    0.4583        39
      Plate_2x4     0.6053    0.4600    0.5227        50

       accuracy                         0.6310       916
      macro avg     0.6103    0.6072    0.5969       916
   weighted avg     0.6252    0.6310    0.6173       916
