                 precision    recall  f1-score   support

      Brick_1x1     0.0000    0.0000    0.0000        37
      Brick_1x2     0.0667    0.0233    0.0345        43
      Brick_1x3     1.0000    0.0278    0.0541        36
      Brick_1x4     0.1429    0.0588    0.0833        51
      Brick_2x2     0.0000    0.0000    0.0000        34
    Brick_2x2_L     0.1061    0.1014    0.1037        69
Brick_2x2_Slope     0.0000    0.0000    0.0000        36
      Brick_2x3     1.0000    0.0256    0.0500        39
      Brick_2x4     0.1379    0.0741    0.0964        54
      Plate_1x1     0.3333    0.2642    0.2947        53
Plate_1x1_Round     0.6000    0.0638    0.1154        47
Plate_1x1_Slope     0.0854    0.7857    0.1541        70
      Plate_1x2     0.5000    0.0278    0.0526        36
Plate_1x2_Grill     0.0000    0.0000    0.0000        42
      Plate_1x3     0.3000    0.0769    0.1224        39
      Plate_1x4     0.6667    0.1224    0.2069        49
      Plate_2x2     0.6000    0.2195    0.3214        41
    Plate_2x2_L     0.6429    0.1765    0.2769        51
      Plate_2x3     0.4286    0.0769    0.1304        39
      Plate_2x4     0.4615    0.2400    0.3158        50

       accuracy                         0.1441       916
      macro avg     0.3536    0.1182    0.1206       916
   weighted avg     0.3399    0.1441    0.1297       916
