              precision    recall  f1-score   support

    airplane     0.3031    0.3210    0.3118      1000
  automobile     0.3547    0.3810    0.3674      1000
        bird     0.2368    0.1970    0.2151      1000
         cat     0.2140    0.1650    0.1863      1000
        deer     0.2319    0.1890    0.2083      1000
         dog     0.2959    0.3060    0.3009      1000
        frog     0.2628    0.2720    0.2673      1000
       horse     0.2836    0.2910    0.2873      1000
        ship     0.3344    0.4040    0.3659      1000
       truck     0.3770    0.4320    0.4026      1000

    accuracy                         0.2958     10000
   macro avg     0.2894    0.2958    0.2913     10000
weighted avg     0.2894    0.2958    0.2913     10000
