              precision    recall  f1-score   support

    airplane     0.4528    0.4270    0.4395      1000
  automobile     0.5488    0.4780    0.5110      1000
        bird     0.3744    0.2980    0.3318      1000
         cat     0.3178    0.2180    0.2586      1000
        deer     0.3534    0.2880    0.3174      1000
         dog     0.4235    0.3790    0.4000      1000
        frog     0.4176    0.5070    0.4580      1000
       horse     0.4626    0.5320    0.4949      1000
        ship     0.4489    0.5760    0.5046      1000
       truck     0.4388    0.5910    0.5036      1000

    accuracy                         0.4294     10000
   macro avg     0.4239    0.4294    0.4219     10000
weighted avg     0.4239    0.4294    0.4219     10000
